1.0000004566997043
1.0000009133857086
1.000001826816486
1.0000018268402306
1.0000018312765842
1.0000021680619495
1.0000036536191255
1.0000073072381161
1.000007307238648
1.000007307241747
1.000007307242469
1.0000073096475415
1.0000073114240877
1.000007312322541
1.000007312485002
1.0000146143816466
1.0000146143858386
1.000014614388752
1.0000146165352504
1.0000146175078666
1.0000146178834366
1.0000146198085782
1.0000146200536095
1.0000182445633021
1.0000292283419205
1.0000292283434826
1.0000292283448013
1.0000292283451682
1.0000292283465337
1.0000292283472467
1.0000292283497183
1.0000292283499723
1.0000292283616254
1.0000292283737966
1.0000292283785917
1.0000292283811465
1.0000292299984752
1.0000292306104617
1.000029231030704
1.0000292313237291
1.0000292317056474
1.0000292323393993
1.0000292328120624
1.000029233811209
1.0000292338500283
1.000029234603791
1.0000313580601985
1.0000322819406446
1.000058455026485
1.000058455027756
1.000058455028308
1.0000584550319533
1.0000584550342189
1.0000584550347544
1.000058455036743
1.0000584550434422
1.0000584562317554
1.0000584569439002
1.0000584576847382
1.0000584583564691
1.0000584585347787
1.0000584593410151
1.0000584600057654
1.0000584604991893
1.0000584605251337
1.0000584606990786
1.000058461019312
1.0000584612656545
1.000058462081873
1.0000584623167519
1.000058464297973
1.00006181769265
1.0001169032999133
1.0001169033010742
1.0001169033106074
1.0001169033129549
1.0001169033130064
1.0001169033139707
1.0001169033158677
1.0001169033267139
1.0001169033388622
1.0001169036210922
1.0001169046660459
1.0001169077341168
1.0001169088354411
1.0001169095752296
1.000116911882103
1.000119503325325
1.0002337794998255
1.0002337795109697
1.0002337795190432
1.0002337795208547
1.0002337803819041
1.0002337807678878
1.0002337810935698
1.0002337812203235
1.0002337813878701
1.000233781410408
1.0002337817864206
1.0002337828731072
1.0002337857651487
1.0003447312640528
1.0004674503875228
1.0004674503994686
1.0004674504106403
1.0004674504150919
1.000467450428079
1.0004674539396392
1.000467454370487
1.0004674543740175
1.000467456631885
1.0004674572024341
1.000467459614327
1.0004674613358011
1.0009344658957051
1.0009344659018284
1.0009344659046964
1.0009344659092094
1.000934465916512
1.0009344681841965
1.0009344694492537
1.0009344696382276
1.000934469880734
1.0009344708863155
1.000934471349278
1.000934475040189
1.0018671926822822
1.001867192684629
1.0018671926903127
1.0018671926916374
1.001867192702107
1.001867193290421
1.0018671950940374
1.0018671984860161
1.0018671989300474
1.001867198944198
1.001913902650358
1.0020270771096877
1.0023795200012933
1.0037274426808134
1.003727442684965
1.0037274426861658
1.0037274426871277
1.0037274447424793
1.0037274463501085
1.0037274477497107
1.003727448910779
1.003727450468215
1.0037274560997935
1.007427251954984
1.0074272519677046
1.0074272519753331
1.007427254255983
1.0074272551054306
1.0074272581955583
1.0074272591521936
1.0074272649378095
1.0147451412688147
1.0147451412747457
1.0147451412769901
1.014745141283904
1.0147451426932783
1.014745144116942
1.0147451446143168
1.0147451519739694
1.029062215943504
1.0290622169032762
1.0290622205932234
1.0564842207766603
1.0564842235044953
1.0564842235190208
1.106932375667874
1.1932149798661498
1.1932149798920002
1.193214980855232
1.1932149861095158
1.2673833082964765
1.4285717089281633
1.478057665075572
1.7058732545383368
1.7933884724572788
1.7933884762777288
1.7933884770073725
1.995766515786896
2.0166123455984875
